00211354167
00220776486
00221759697
00242957867
00261665259
00270312573
00270787553
00282311748
00292982163
00310921451
00311285941
00312165916
01212532596
01230125349
01231523115
01240284245
01241213976
01290227177
01311269373
01312443626
02212489727
02221487895
02222043326
02231162658
02232929986
02240577779
02250747126
02251622967
02261093739
02270477218
02281596937
02291013127
02291552451
02310645331
03210431396
03231465826
03280989919
03290214182
03300881117
03312085688
04211426394
04221814992
04222974576
04231627391
04242724616
04243065244
04252236426
04252281785
04260481362
04262366546
04262867573
04271392833
04271853981
04273073262
04291877174
04291885113
04303086769
04312084622
05221699475
05231683569
05242662838
05270418281
05301673634
05310313637
62010613458
62030621918
62032632286
62040954516
62041751235
62053153197
62060141479
62061452848
62062819857
62073115588
62081023844
62090696927
62102481781
62110162979
62110838258
62121943567
63021015943
63052122331
63060755383
63080592724
63111786625
64030955756
64040116491
64041675836
64042418317
64050892132
64051554765
64070741667
64073064329
64081379819
64090368558
64090794384
64092324673
65012898832
65060415261
65092753293
65102869423
65121916586
66010791684
66022785622
66030676695
66040625669
66041676725
66062128216
66073096829
67020778119
67042433869
67090779551
67110583887
67122698393
68031447283
68041759976
68042419798
68050463561
68101173812
68111743946
68112951698
68122498846
69010232591
69010894326
69013149423
69021881726
69041737616
69060396946
69061819246
69061878731
69080231313
69093054446
69121529919
70011769382
70020327122
70040569894
70040836282
70041035925
70052646686
70071542923
70072062282
70101733563
70122444857
71010345153
71012771239
71012866726
71050412398
71052153985
71053112233
71062272827
71062539243
71062547695
71070743728
71072038156
71100387517
72031033292
72041432962
72070482459
72100724283
72101034552
72102964249
72110891517
72122031819
72123165511
73032676851
73040557371
73041689392
73042347143
73042852535
73060827818
73061658684
73082081265
73090512768
73091597261
74020494675
74030975676
74031125698
74032342144
74042261624
74061454379
74061783828
74062554214
74110517376
75012059827
75021067486
75022475125
75032887549
75042243474
75051164957
75051356134
75053054191
75080973249
75091944937
75093034687
75101148922
76012351292
76020416998
76030575252
76042371864
76050229916
76051958548
76112248353
77011244941
77011336428
77030285497
77032922974
77041372436
77042565828
77072364284
78030546296
78032278126
78062582417
78070594736
78070949567
78071544136
78082963771
78112571138
78120798886
79012738544
79020738981
79050383375
79070512171
79121443423
80010232626
80020712442
80020885566
80022827742
80062631213
80122728961
81022449831
81040444533
81050871293
81052834988
81090683199
81092628453
81110647875
82022698256
82022861858
82030195794
82041729577
82061679256
82062012395
82062381877
82070943315
82071374473
82071784245
82091943255
82101333124
82102929371
82111291735
82113041253
82121619318
83011542538
83031958469
83032473785
83052521329
83061838292
83081886655
83092122395
83100557331
83102214937
83102332556
83102813839
83120826297
84010783175
84011688295
84022198552
84032471926
84042861717
84061449134
84072168176
84092892972
85020171664
85021165374
85040687936
85102058681
85110318935
86012198371
86020851893
86022692593
86050366394
86050459339
86070788941
86073142948
86080468495
86080993951
86091958749
86101071879
86110449496
87010464927
87051962534
87071861569
87101288146
87110915716
88010972715
88030747542
88030791114
88031232715
88043088667
88050396334
88051911856
88052048742
89021694955
89031917215
89032891963
89041489139
89062332865
89063042217
89101884452
89110289389
89122222888
90010971366
90020668353
90020774892
90022337275
90030217251
90031558971
90041629797
90042229552
90072842921
90073132393
90082175369
90090924362
90110246434
90111192659
91021686414
91031537117
91032175996
91042175829
91050617753
91051536729
91051788362
91072691973
91082936279
91091759191
91102629389
92010387862
92012366641
92031767377
92032193966
92040242489
92060979912
92062772643
92072258588
92091391538
93012475791
93021089419
93041665369
93062119784
93091567574
93100134524
93111332441
93111778881
93122526231
94011929281
94021331827
94032862631
94081862972
94090863463
94092111731
94112762918
94120149286
94120886642
94122514479
95012394298
95040153647
95060149253
95062984711
95073076571
95073166612
95080389794
95111748862
96010146863
96011053315
96011445572
96030984632
96051932223
96060833298
96071526471
96071879593
96083082745
96112947243
97011065331
97012694156
97061756593
97062632977
97100645163
97120425479
98120152778
99030215566
99032925764
99032929935
99052752966
99061121348
99061132465
99082473316
99102426647
99103016362
99112952921
99120744768